135017799
135020121
135019319
102281928
105429860
105447032
102285340
135018527
102294284
135018690
135017785
135021157
135018929
105432419
105453037
135019914
102292368
135017917
102282652
102291770
105449126
105449296
105430357
105428227
105430297
105425321
102292646
105428878
102280998
105426448
105430049
135018174
105428888
105428933
105425724
105425367
135019610
105441985
135019496
105429995
105428138
105449478
135017812
105448517
135021041
105429476
105444672
105444900
135017849
105440519
102284779
135019759
135021587
135021323
105426311
105432131
102284412
135019338
135018422
135018279
135019254
102280971
135020441
135017909
105448809
105440350
105433326
102294298
135021441
135017771
105428387
135017769
105425553
105430624
105446696
105425458
135017776
135018330
135021332
105440746
102291805
135018437
105446069
105428954
135019172
105425732
135018339
105429988
102283111
135018559
135018398
105451338
135019514
102282695
105444279
105453069
102294152
105437351
105452129
135018408
102281082
135021027
135019048
135021462
105425694
105432339
102283060
105425572
105427778
135018039
102292787
105450826
102282402
105431744
105434803
135020804
102293006
105428960
105433288
105430576
135017772
135019843
105428211
135020195
135018367
105439653
105435739
105425469
135019419
135018017
102294366
135019831
105429287
105428112
105439492
135019716
102288171
135019730
105434196
102283016
105428699
102285771
135021636
105430519
105425580
105425285
105429790
135017826
105440970
105442026
105453697
135019781
105436906
105425635
105425565
105433303
135019605
105428812
135017803
105426532
135019956
102282828
105430830
105425578
105444517
105429874
135020805
105425286
105437103
105444457
102285705
105448433
105448925
105430854
135018609
105426167
105428912
105435693
105441807
135018762
105450591
105430982
105428079
102289053
102285731
105425614
135021355
135018175
105444908
135020783
102285690
105438127
135018404
105430977
105447576
105453191
105448421
105428182
105449240
135018318
102283183
135020828
105425357
105447377
105432645
105452893
135019398
135018287
102287043
135018333
105450576
135018570
135018444
135018642
105425944
105446945
105442918
135020062
102281355
105438575
135019414
102286089
135020001
102281302
105438082
105436792
105440523
105430998
105442125
102280879
102280967
135017796
105439834
105429895
105437002
135018402
105442964
135020009
105433857
105425841
135018241
105431114
105432568
105435909
135020576
105425275
102293854
105427743
102286348
135017787
105427669
102281321
135019446
135021726
102283333
105442949
105436651
105447425
105450614
105428945
135018405
105431279
105439614
135018791
105442217
135021349
135018585
135017836
135019157
105448609
135018389
105435567
135019733
135018406
102281037
135020254
102292978
135021565
135019029
135017773
105447771
105425528
135018273
102286242
135019757
135020247
105448309
135018421
105429256
135019478
102282389
102287446
102293780
