135020576
205002705
153118149
141233408
198197109
153140662
198219615
105817220
205075839
135026950
105758273
135019514
153031623
102415567
141190803
114155927
114150020
114134407
141025281
135127023
153100216
114150266
102401878
105726639
186106530
141208875
102391075
135064831
105707046
135053375
205030567
205031412
186111758
211037099
135113475
205004942
135068589
102370901
141213824
186029316
205063914
198155113
105573483
205054191
153083049
205061052
153021150
141235522
135097160
186104963
186003584
141133904
198161956
102437172
102436464
141213129
153032511
102428641
198109333
205035686
135117249
105466742
211011728
205073938
135131544
105539887
198117646
211022047
141221969
198185304
186020517
205023607
105614205
141135908
135019419
211040858
102442130
135023001
102416692
211000046
114129670
135101513
211039627
105430519
105802394
135020254
198183410
205063904
141002402
102294152
198134260
102401947
102371988
102412435
135043767
147023577
205027652
105484509
211028952
211041463
102352291
205079657
198106494
105505232
141047270
135051291
198124909
198001240
105504406
105598723
153071680
205045457
135109056
186067153
205069253
105585102
135114858
211009180
205046595
141218514
205032723
211007304
105659171
135089760
135096732
153089716
186110480
141148624
211023913
102342956
141182807
102379006
141169828
105796683
102385488
141123767
135032492
102431055
102451660
186020513
135019338
205023266
102369552
135020828
205041936
105566619
186126658
205067662
102308491
141226339
198215075
198177467
198052283
135053270
135019610
186074068
114164000
141238017
105680324
114154508
198217196
135017772
114173313
198220868
114128934
205014215
135075100
135029827
198102982
186121387
105531231
205017558
135025736
105522373
153162619
135031397
205083984
186116908
205007776
114161599
186085260
205054868
211030294
114126451
205079947
141025453
141039450
141115676
205008952
141025411
105462975
205081859
198143267
141226413
102298971
135076402
205032384
135050687
141012653
135033286
105677138
205061458
141153650
135130301
141137271
205025385
205069555
211007350
135029228
105561689
153174395
141138505
135076073
135066401
211038298
198215663
198211637
135138310
205007717
105685646
186107050
102311581
198182425
205058342
205084343
135121360
105643233
205027953
205050063
102434151
141122009
186084913
102300049
205067505
205079952
198176895
205051543
198158927
105466949
105493104
105550252
105467824
211019702
102394567
135110917
186111475
135037466
105492831
198172407
186045458
186054158
153031971
198059777
186061103
135139699
205074446
135116288
135019605
135067413
102306933
141051027
141029436
198185925
205036456
211005743
105473753
135053271
198220236
114132933
153027277
205001510
