135020576
102296566
102291805
102283333
102294298
105437351
105428954
105430576
105430998
105429860
105434803
105449126
102282695
105436792
135018339
135017803
105439653
135018406
135022026
135019319
102280967
135023001
135023023
105434196
135021850
105425635
102288171
105427669
105439614
105425285
102285340
135019781
105427778
105431279
135022992
105447576
105429790
105427743
78086713
102299000
135021157
105426311
135020121
135018559
105460694
105463875
105441985
135020195
135017771
102299965
105448517
135018241
105444672
105448809
105428960
105425275
135019398
105433857
105440970
105428112
135023101
102299929
135021565
105447425
135021355
105444279
102300275
102293854
135018039
102284412
105428211
105426532
135019716
135019759
105448433
135021587
105442964
135023323
105454166
135020062
135018402
105449478
102280879
105425469
102287446
102295188
105453191
135021323
105425694
102299651
102294152
102298971
105428912
105442918
135020247
135017812
102299426
135018389
102298967
102280971
105444900
135018422
135018367
105451338
135018174
105453697
102299615
102283016
135018929
105441807
102295485
105446696
135021835
105425614
135017787
105449240
105426167
105461923
102289053
102299839
105432419
102282389
102281321
105455331
135023294
105425458
105453037
105429476
102281037
102300623
105457891
105428699
135019496
135020009
105442026
135018791
105425580
105428878
105430977
102300122
135021332
135019730
135023202
135019172
135021726
105436906
105447377
105431744
105435909
102294284
102294366
102293780
135017799
105450591
105429287
102298887
105461920
105461712
135018408
105428888
105425357
105425572
135022781
135023002
105429874
105433288
135017773
102299184
135018762
105432568
135021349
105454065
105438127
105447032
135017826
105448309
102285690
105455486
105425578
135019757
105442949
102299611
135021636
135021462
135018273
102281355
135018421
102286348
102292787
105428945
105425841
135020441
135018175
102296420
105432645
135019914
135019414
105429995
102283060
105444457
105446945
105435567
135018333
135018642
105435693
102298904
102296139
105435739
105444517
102286242
102285705
102298953
105446069
135020001
105439834
135018690
135019956
105442217
105444908
135019605
135017776
105425528
135020805
135018330
102283111
105430297
105440350
135018318
105433326
105438575
105449296
135017785
105453069
135018404
105463175
135020804
105431114
105430982
105428387
105448421
135021441
102299154
135022849
105428138
135018609
135018279
105429256
135018405
102293006
135018437
105462975
135019338
105425321
105428227
105436651
135018287
105430854
135018585
135019733
102281082
102285731
135021041
105432131
135017796
105450614
105429895
105450576
102299047
105462475
102296584
105432339
102297512
102282828
135018570
105428933
135017917
102286089
105448925
105425724
102282652
135019029
135021027
102299434
135019446
135017849
105428812
105461222
102298888
105440523
105452129
105440519
135020828
102280998
105425286
105439492
102281928
102282402
102300049
102292978
102283183
135019157
105440746
105437103
105461196
105428079
135020783
135018017
135018398
105430519
135017769
105450826
102287043
135019843
105426448
135019419
135019478
135019048
105425565
105430624
105429988
105447771
135017909
102296175
135017772
105433303
105437002
105425367
102292368
102292646
135019831
135018444
135019610
105458035
135018527
105453803
102284779
102281302
135023016
105430830
105463987
105428182
105452893
135019514
135019254
105430049
105442125
105460374
135020254
105430357
135021801
105457853
135017836
102291770
105462870
102285771
105438082
105425732
105448609
105425944
102299985
87614237
105425553
